2048
1374
613
396
407
509
1622
1963
1882
1072
777
830
1888
1124
16
2039
1742
630
667
1494
1914
1503
1665
257
1645
363
2013
774
1591
198
1177
1810
1252
859
1113
619
445
491
1625
1128
740
1023
1134
1225
726
1466
255
657
1774
822
68
1316
922
716
1903
1657
187
1501
450
1223
170
1783
1022
1697
380
818
62
454
502
227
884
1516
159
1822
134
691
1459
762
1988
1652
1508
644
1911
974
1787
1093
683
907
968
564
917
1315
493
1485
955
389
1416
593
1430
511
89
1327
252
892
403
1802
598
1997
495
1596
1249
556
1541
146
1969
1864
992
200
1892
1441
1539
717
738
82
278
1156
1268
67
492
1194
1142
460
840
2038
694
759
1714
867
790
205
706
145
1905
1640
1936
1008
453
1886
474
385
1302
1736
1829
1798
390
1183
1400
1637
1654
742
881
33
1702
1556
408
1193
1753
81
1941
1930
1990
334
1522
1237
629
500
701
634
1412
1978
610
1117
24
1243
110
523
535
1772
648
305
898
804
1562
583
1670
388
513
1804
1121
39
394
1565
378
1482
276
1219
1034
563
1208
1172
1646
945
1844
1551
1286
1126
961
800
1558
1363
2015
163
15
1555
280
97
166
937
1932
1735
651
1176
1761
1511
595
283
1814
1109
1631
216
1444
302
203
2023
1486
1659
1212
852
1618
763
1188
1793
75
1896
338
1191
527
1818
962
1413
1220
1569
678
218
1104
699
543
1269
1658
1918
864
1907
810
510
1163
883
546
286
2044
241
1584
124
1301
1684
1998
1554
903
1953
259
1788
179
1379
799
142
770
1160
976
31
185
856
558
164
985
1760
1512
335
604
225
1927
1756
792
757
2046
1505
331
1531
555
853
1007
532
2016
1205
1664
730
995
2004
913
1370
422
828
222
1082
1479
1728
1717
271
180
567
230
1039
1429
1475
1131
282
293
1994
1017
2000
1437
217
1025
1075
416
1045
1180
371
838
2028
1456
673
235
1247
1173
482
1605
529
681
399
1330
1873
1589
374
1549
1244
1966
721
447
1201
871
168
761
1431
330
260
560
116
1910
682
1679
601
73
183
1972
519
587
1026
1493
684
1069
1947
724
1157
1272
980
300
1
95
60
490
1341
1305
1893
49
1468
662
325
1256
1985
336
1439
497
1451
1314
780
1881
1880
1325
931
1283
1488
1661
825
1357
930
1440
341
1987
925
61
1540
1155
970
443
1693
461
932
1377
1289
1642
1600
1765
1403
1845
650
1863
1641
534
1534
309
984
686
400
50
1532
1799
356
1502
2043
426
620
623
442
1392
746
2011
1538
186
226
1971
817
448
2045
1088
176
736
1758
1001
1450
1462
1089
281
1633
327
1294
485
1954
1884
889
1573
1453
886
1495
1553
1725
1902
1587
1895
569
373
348
1699
1472
861
723
1655
1604
572
1730
2003
1266
1757
1323
1366
552
1175
1740
1110
545
173
1519
108
1360
1386
1141
1354
444
1401
1691
1235
782
1951
1257
1560
747
963
1365
869
737
79
772
1345
1733
1245
625
719
914
69
21
1398
1681
29
550
547
251
1166
679
228
596
275
465
1535
266
1200
664
1937
654
753
953
821
573
1297
84
1795
1083
909
201
1066
876
860
475
429
130
361
978
1866
1687
2027
819
1715
0
1894
807
735
1101
272
796
1198
1064
297
1471
1848
1474
666
133
1092
522
289
147
1536
395
1432
1832
1319
1190
1636
1035
318
1150
427
1682
1857
904
362
1396
1590
1067
333
161
2012
1817
1478
1695
982
1732
1974
1074
457
1678
1065
1944
2030
254
542
64
814
594
87
714
1483
316
172
477
468
1588
1394
987
1739
1744
191
1813
30
1091
141
1879
1948
1572
1607
1348
1518
771
1767
1410
1499
698
368
981
895
1206
1014
1586
65
533
1876
1321
600
1858
1827
1395
1778
1178
1404
1329
47
181
274
1211
401
321
1847
99
1258
1477
1253
1680
359
855
845
585
1692
1675
459
1543
1447
1144
2007
1458
1230
767
1821
1279
1700
778
597
729
1823
632
70
1608
1594
744
19
1130
40
1016
615
1287
577
911
517
1122
1696
1005
1580
697
1312
151
923
544
1738
1973
1409
537
793
1887
1701
96
827
303
1426
484
1800
481
1189
1145
1489
836
813
1834
91
1982
1514
160
936
423
1443
919
1833
1709
2009
626
1504
1673
1048
397
1632
1334
1683
18
1423
1094
366
438
1782
1940
2006
958
1335
949
1047
194
1383
766
249
715
1411
1861
1708
446
1028
1111
104
466
470
2014
1140
590
802
138
1751
539
607
2034
732
351
269
1669
352
125
1299
1262
1583
247
452
1331
1890
927
1809
637
1506
435
44
357
295
428
755
219
270
1559
1032
1461
1419
1602
1917
273
1153
649
680
208
353
93
268
1487
1885
727
312
512
20
42
1529
1070
628
1465
433
337
127
10
826
193
1542
4
1791
643
1418
499
656
1731
1592
2025
451
1868
1660
1100
1300
1909
1922
718
2037
1913
946
434
568
71
1148
603
464
1928
1295
1460
1925
1612
525
1812
808
2040
246
521
1946
364
672
944
641
1955
834
8
1090
1276
197
1779
957
1238
905
1579
54
421
549
1749
1298
1635
240
880
1421
322
189
287
1274
1667
2024
105
1139
1169
1568
41
387
582
140
1545
1617
977
1255
1571
940
154
769
866
123
557
848
1133
516
36
279
1871
1912
1598
1339
803
220
139
1143
1859
1470
1162
609
245
1671
285
88
526
1623
1552
120
890
311
332
1815
989
1524
975
1232
1986
367
1425
1000
1528
785
1624
617
703
1741
660
561
1828
487
393
1350
1291
152
505
1476
514
263
1197
1763
508
645
162
854
32
169
1627
611
5
652
972
1296
386
417
156
1159
1399
1058
1080
952
1229
231
1019
1781
1746
1046
7
743
2021
1333
749
1228
846
1132
1908
1816
1570
1996
437
2018
1628
301
48
102
1643
1204
175
1355
518
1860
885
410
1981
1496
956
584
344
350
128
695
789
1613
750
131
528
702
210
776
967
1170
112
824
1218
1038
232
1328
3
1856
781
942
690
1107
507
805
1950
538
188
711
988
1044
320
1397
1136
342
347
458
1192
1964
101
1564
580
1842
1018
916
1469
1688
1962
319
809
530
2019
223
1694
739
1563
1381
1306
1497
76
1373
1434
1649
1234
899
1076
1115
773
1850
1438
1662
158
1674
786
1151
1004
661
261
832
52
1805
1926
6
893
1420
1801
354
621
635
1921
1578
2010
831
1656
308
779
304
1214
1943
1790
1776
950
1282
1889
941
1750
213
72
1878
137
642
1378
1448
199
109
1820
674
902
1031
1797
709
768
1449
1320
998
1581
1209
1068
783
2035
90
478
1029
391
1284
1977
947
424
1770
708
1576
986
1722
77
1766
277
728
1248
843
579
22
1794
288
918
896
1129
449
1949
1689
479
1959
1862
1716
1361
858
63
1992
833
1970
326
150
432
376
1060
2041
591
1213
1307
636
1975
221
1389
713
954
153
1021
1116
891
310
1743
1995
1685
1480
612
1904
126
1706
606
1311
182
1626
775
1874
78
1769
1264
1614
1293
59
565
1638
114
2033
1270
1384
74
2020
1259
1999
1077
993
53
1567
665
1231
1372
1759
1747
1239
541
1385
1785
1417
1105
920
633
1371
1195
83
536
1853
1707
26
1084
1454
685
658
1318
1118
1775
1967
184
901
745
1338
1841
915
85
469
1677
307
1428
624
1566
45
1095
1575
851
1332
910
1260
1164
243
1843
1277
1024
754
2002
939
1561
439
1510
1380
51
669
1217
1807
996
382
1491
343
1402
873
1071
43
791
1792
1854
815
951
306
340
1839
608
639
912
671
1359
1603
1037
751
92
1146
471
1777
741
554
646
506
129
313
1958
1500
1393
2017
2031
973
997
1422
1236
710
668
897
329
983
284
1525
1435
1267
1387
1668
1762
1644
592
1897
411
360
599
926
1826
384
1390
1246
969
857
1103
420
94
1606
689
882
1989
687
1049
1615
236
398
1369
1712
734
1278
56
1063
1152
1867
1368
86
1650
1595
1698
1097
1079
1720
355
551
756
1351
144
842
1577
965
2042
935
369
202
494
296
328
1099
1086
1002
696
1427
688
1891
1835
928
1803
1221
425
1353
1734
118
1043
1993
559
872
1517
196
647
820
990
906
571
1340
908
1710
531
1207
924
1467
943
844
1537
1263
865
1938
177
1186
1165
1836
1916
404
1290
149
339
1723
1520
887
1647
1620
155
722
1991
413
2
1840
588
811
1059
1054
616
1199
239
1275
1849
748
1265
933
244
870
1391
1102
190
1768
1187
1343
1806
663
1550
1027
704
1376
1003
1415
1179
1196
1455
1796
2005
835
121
1147
1942
66
1135
233
1629
1061
1184
100
614
46
375
653
415
414
670
1457
1342
2047
1934
979
178
1630
34
764
1915
1686
847
1593
1202
618
264
1367
372
627
1108
1852
1498
1013
1729
115
379
1676
1610
705
1254
9
1870
265
1666
578
2036
358
725
1900
1446
148
720
292
999
921
991
1523
1599
839
1011
1240
1521
1548
1748
256
409
1703
381
1233
1737
1808
1960
1509
1585
267
290
841
784
837
850
1597
462
1899
1030
806
23
1865
486
1149
1352
2032
693
1764
1481
314
1651
1935
1724
1226
640
862
195
498
405
1057
412
1601
1087
677
960
392
419
1464
948
1754
1771
1106
467
473
605
229
383
752
1310
1336
2008
1924
863
515
463
1526
212
1185
1137
431
1745
1752
1718
1053
57
1530
1527
1015
1648
406
524
1158
402
1980
1356
1414
37
1831
1009
1241
1138
1161
1303
655
787
1337
758
823
12
1375
1280
900
576
1546
874
238
1721
1956
418
1811
1347
1719
760
1547
1436
1705
1726
638
1452
1285
1875
1242
1830
1727
1251
483
765
929
2001
377
894
676
1929
209
1952
106
659
1288
346
1036
1919
1382
959
1968
1010
1222
1780
143
1055
1292
1210
1961
1515
456
1492
132
1344
1078
111
489
167
1281
80
1507
38
1755
192
1309
1127
349
1042
441
1407
136
501
788
17
2022
1789
291
1203
242
1261
1653
1473
1851
1957
1182
253
165
27
1672
1609
157
1784
1050
798
1317
1983
938
622
234
2029
237
878
1786
971
1326
562
480
1901
1406
98
1713
1056
1923
731
1933
1119
816
1639
707
294
1123
1125
1433
298
117
1906
1358
1582
204
1012
1405
1051
692
877
504
1557
1033
28
1979
103
496
1174
794
13
317
1984
1442
171
812
1619
964
801
1062
1181
1533
1168
1424
214
455
712
1227
35
215
1484
1611
1304
1945
1939
58
589
1362
849
370
1838
966
888
548
345
206
258
1877
135
315
1120
1711
1445
1324
224
207
1825
1216
11
262
1273
1544
875
868
1154
299
1112
570
1346
829
1041
566
1364
14
1349
553
1883
1574
2026
1846
1920
1250
1408
1634
119
1171
602
1704
211
107
1388
1463
248
1313
1621
1837
122
1663
934
1020
700
1773
1098
1167
430
1215
488
440
323
520
1965
540
365
586
879
25
1616
733
436
1006
476
324
1224
1898
1819
1040
795
1271
113
1052
1085
1114
1490
503
675
994
581
1322
575
1081
1869
1690
1308
1872
1096
574
1931
797
631
1824
174
55
1513
1073
1855
250
1976
472
