512
114
334
189
128
260
404
194
457
61
313
242
208
408
500
206
510
247
321
382
23
494
349
501
116
129
277
427
181
293
462
426
213
71
135
2
43
33
199
39
335
504
244
482
8
40
178
453
85
495
488
254
259
296
231
418
263
34
186
64
5
423
384
152
499
76
353
391
124
36
328
182
301
383
50
351
436
21
285
46
53
352
298
302
200
338
82
323
480
342
98
125
268
156
201
89
455
339
394
400
405
58
486
164
190
456
362
479
221
105
487
403
174
229
493
75
464
429
256
466
168
3
72
320
145
141
471
42
95
253
506
322
103
283
180
324
271
80
467
179
315
368
356
364
267
396
425
100
9
314
416
214
228
251
90
198
216
52
4
54
222
107
484
10
415
262
225
380
272
115
469
13
442
161
363
117
94
220
340
215
55
31
402
407
312
280
450
497
422
140
81
288
336
257
74
120
212
270
460
176
218
45
508
348
160
448
428
304
463
173
66
472
139
30
287
250
252
367
297
219
483
241
162
316
77
226
276
354
359
223
341
235
240
11
345
51
443
69
502
126
127
163
217
238
63
192
355
102
78
196
207
47
197
177
286
70
130
350
67
451
439
509
159
445
24
144
284
146
16
475
449
397
410
490
249
193
303
377
230
232
148
204
291
491
365
68
138
395
264
269
41
438
149
48
137
26
119
233
505
234
357
295
294
454
474
452
158
373
12
131
481
421
299
503
153
485
424
172
188
435
122
113
185
147
191
134
265
166
28
489
35
317
372
360
275
195
274
0
106
461
38
319
390
417
73
332
309
279
86
255
388
430
311
361
32
1
167
459
310
330
93
434
419
344
473
370
306
337
15
409
57
20
227
60
492
205
150
49
440
132
392
243
203
282
248
187
88
369
366
97
441
420
224
175
155
346
381
202
446
170
118
25
154
478
239
507
300
468
498
37
325
165
62
44
236
308
273
210
266
111
385
246
211
358
92
183
278
261
333
169
387
142
318
326
143
245
465
305
104
289
22
371
121
99
79
511
6
432
375
258
444
431
19
237
437
292
411
331
406
17
414
157
389
87
458
112
329
151
108
18
65
83
29
343
110
59
14
209
398
447
27
399
96
476
347
376
413
412
109
290
327
281
171
374
101
133
307
84
393
91
184
379
136
7
386
56
470
401
433
378
496
123
477
